0.190231
0.218529
-0.192938
-0.013645
0.232282
0.073166
-0.241906
0.039757
-0.230469
0.195695
-0.779882
-0.695742
-0.356588
0.059797
-0.266103
-0.054977
0.200235
0.258582
0.267312
0.721288
0.706681
0.638975
0.911826
0.928347
0.904035
0.761213
0.924332
0.45708
0.286621
0.158066
0.195075
0.545842
0.4419
0.53
0.441668
0.233204
0.60922
0.454659
0.373147
0.512859
0.663692
0.968956
0.621221
0.26176
0.262464
-0.004315
0.443148
0.62021
0.580502
0.423876
0.265137
0.255115
-0.130957
0.242113
0.103823
0.237574
0.307128
0.045336
0.725726
0.475726
0.558688
-0.130127
-0.103326
-0.13065
0.131928
-0.179966
-0.128488
-0.467185
-0.698893
-0.441049
-0.145435
-0.684282
-0.208521
-0.157043
0.393513
-0.34913
0.089998
0.495077
0.84296
0.565823
0.647618
0.804095
0.929194
0.497008
0.900259
1.064555
1.232479
1.224494
1.165034
1.223575
1.236743
1.059274
0.795466
0.798878
0.17416
0.251738
0.549506
0.63569
0.7618
0.54921
0.670258
0.747507
0.915913
0.626139
0.790257
1.079775
1.326578
1.057287
1.179358
0.898952
0.893121
0.785603
1.008001
-0.161953
-0.43166
-0.466339
-0.502144
-0.368178
-0.158279
0.108436
0.286158
-0.191624
-0.313632
0.175038
0.095023
0.153964
0.530035
0.693231
0.965054
0.532536
1.17416
1.51423
1.46188
1.3954
1.418453
1.541237
0.939201
0.880213
1.367785
0.795028
0.982903
-1.090465
-1.35906
0.247236
0.681966
-1.34953
0.495286
0.245036
0.55125
-1.962155
-2.286961
-1.384404
-1.074187
-1.896272
-1.759073
-2.170555
-1.837998
-1.785449
-1.642131
-1.777134
-2.632899
-1.828578
-0.539117
0.014623
-0.237975
0.09065
0.747445
0.555537
0.996214
1.179545
1.199958
1.121108
0.536735
1.600975
1.340154
1.154167
1.237675
1.522049
0.878479
1.250683
0.78565
1.578079
1.447984
0.1582
0.907558
0.862806
0.99856
0.216078
0.716462
0.510255
0.73275
1.126595
0.847626
0.463494
0.639698
0.133938
0.061497
0.112919
-1.097265
-0.094853
-0.393398
-0.088726
0.088541
-0.340397
-0.691306
0.019827
-0.351428
-0.228091
-0.614436
-1.225024
-2.28822
-1.196631
-0.278979
0.069362
-0.064084
0.318837
0.381339
0.253986
0.472916
0.593513
0.851081
1.061611
-0.370035
-1.731604
-0.76145
0.599078
0.305856
1.051473
0.639798
0.042481
-0.076943
-0.99618
-1.885052
-1.796028
-1.137725
-0.685908
-0.515325
-0.154646
-0.1863
0.059514
0.480711
0.470829
-0.704246
-1.6744
-1.676894
-1.395253
-0.902001
-0.280864
-0.716291
-0.159331
0.473252
0.734273
0.11636
0.54421
-0.854318
-0.114648
0.405691
0.464274
-0.477523
0.004915
0.231566
0.402164
1.186981
0.493408
0.233883
1.293003
1.37093
0.641304
0.543136
-0.162273
0.691585
-0.329895
0.144374
0.082128
-0.232449
-0.530295
0.061416
-0.618559
-0.687768
-0.935806
-0.353187
-0.767445
-0.638105
-0.836408
-0.449326
-0.840277
-0.329903
-0.004729
0.019483
-1.33546
-0.274014
-0.620949
0.462373
0.735737
-0.01225
0.359505
0.265104
0.821267
0.880738
0.99529
0.481254
0.7853
-0.033299
-0.688715
-1.451381
-2.059063
-1.319244
-2.015889
-0.149397
-2.071525
-1.594795
-0.555289
-0.500383
-0.128381
0.220159
0.154906
0.513464
0.56632
0.530263
0.399798
0.019354
0.305748
0.64119
0.936673
1.607327
0.047825
-1.883502
-0.459393
-0.019469
-2.20714
-0.282864
0.272815
0.317516
0.286032
-0.245643
-0.279034
-0.040734
0.467738
0.481305
0.320785
0.22389
0.122276
0.873575
0.968178
0.503581
0.986944
1.076763
0.681196
0.617508
0.401172
0.27187
0.404591
0.522919
0.76426
-0.567016
-0.521881
0.068617
-0.709416
-0.275686
1.195294
1.054087
-0.468064
0.21989
0.615135
0.448106
0.923079
0.804089
0.472886
-0.004458
1.144278
2.544629
0.588614
0.879055
0.927237
0.932682
1.025359
0.859296
1.024778
0.916735
0.310327
-0.281437
0.267535
0.705512
0.789269
0.811801
0.135648
0.822727
1.27656
0.651787
0.85311
0.921868
0.354738
0.659145
0.53519
0.760313
-0.397954
0.140175
0.855256
0.760457
0.491546
-0.058262
-0.770667
-0.158613
0.181952
0.828155
-0.231923
0.037637
-0.027298
-0.506122
-1.441016
-1.432422
-0.416874
-0.06868
0.514635
0.087034
-0.589839
-0.473353
0.050808
-0.139495
-1.525768
-0.433472
0.144211
0.064949
-1.223453
-1.288249
-1.239525
-1.13843
-0.557146
-1.136038
-1.885315
-2.062907
-2.059576
-1.67148
-0.854763
-0.480961
-0.08412
-0.376698
-0.445034
-1.309132
-0.721709
-0.012299
-0.857208
-0.670865
-0.493748
-0.050406
0.521961
0.004977
-0.667773
-0.337394
0.096018
0.561292
0.475796
0.54767
0.642406
0.662576
0.626476
0.209536
0.650913
0.510921
0.322488
-0.957746
-1.652465
-1.344184
-1.361859
-1.673874
-1.208263
-0.212206
-0.977949
-0.692955
-0.662314
-0.567959
-2.08011
-1.246272
-0.648121
-0.158463
-0.323647
-1.42929
-1.514603
-1.22497
-1.708806
-1.730993
-1.106547
-1.818288
-2.104839
-1.262253
0.229279
0.29839
-0.024836
-0.183328
0.311263
-0.120224
0.001361
0.53036
0.603695
0.601544
0.735571
0.512881
0.813372
0.55824
0.452275
0.549766
-0.113448
-1.710118
-1.046394
-0.638114
-0.29761
-0.269683
-1.451844
-1.058436
0.275894
-0.413186
0.523665
0.742244
-0.43593
0.653426
0.613791
1.006742
1.283713
0.913131
0.87568
0.717203
0.765012
0.445908
-0.344848
-1.655373
-1.045262
0.121317
0.722582
-1.283234
-1.013227
-0.613163
0.053965
0.28884
0.218457
-1.40705
-2.121256
-0.552988
-1.656191
-1.201151
-1.701214
-2.302793
-0.982478
-0.560121
-0.988629
-0.009799
0.578107
0.56052
0.00733
0.529201
0.510762
-1.177172
-0.326089
-0.098689
-0.168173
-0.815106
-1.73805
-2.318044
-1.90985
-1.472612
-0.904237
-0.43336
-0.611759
-1.809177
-1.274905
-0.347072
-0.108051
0.158223
0.569226
-0.132034
-0.893398
-1.034697
0.26125
0.7139
0.266147
0.565764
0.21546
0.451805
0.078896
0.103875
-0.145827
-0.423627
-1.334701
-1.717196
-2.212078
-1.84554
-1.049752
-1.02421
-1.824261
-1.893626
-0.862286
-1.611465
-2.101686
-1.53967
-1.828465
-1.809049
-0.282966
-0.720786
-0.70918
-0.414505
-1.033948
0.184237
-0.073267
0.50873
0.907188
0.887825
0.118654
-0.463853
-1.083087
-0.414373
-0.135373
0.273519
0.026563
-0.330097
-1.249792
-2.162058
-1.258808
-1.269103
-1.233457
-0.898449
-1.55587
-2.296937
-2.828153
-1.58492
-1.03544
-0.796755
-1.857082
-1.375754
-2.039368
-1.865122
-1.985416
-1.151843
-1.278107
-1.826835
-1.835345
-2.08674
-0.850408
-0.170832
0.381954
0.256424
0.252799
0.139022
0.403456
-0.039966
0.141971
-0.943326
-2.418449
-1.673416
-0.75495
-1.233567
-0.89027
-0.88461
-0.381977
-1.100653
-0.985215
-1.146996
-1.952181
-2.329798
-2.313132
-1.869196
-0.859476
-0.550291
-0.016494
-0.121334
-0.022858
0.148954
-0.545423
-0.094476
-0.12096
0.413013
0.074638
0.476893
-0.219812
0.314805
0.388138
-0.227056
0.096635
0.219576
0.328303
-0.656287
-0.352543
0.115512
0.21603
0.421109
0.42999
-0.059866
-0.476574
-0.799076
-0.537177
-0.327782
-0.307539
0.209943
0.31072
-0.327305
-0.492624
-1.785564
-0.097056
-0.424317
0.256648
0.104917
-0.044139
-0.755197
-0.929733
-1.063221
-0.360156
-0.559891
-0.318213
0.067894
0.264647
0.240117
0.060368
0.179763
-0.045802
-0.077283
-0.262735
0.036249
-0.042371
0.086903
-0.130981
-0.439719
-0.001711
0.230194
-0.029913
-0.047791
-0.237481
0.257871
-0.392253
-0.170788
0.131849
-0.120036
-0.840298
-0.522254
-0.447655
-0.160266
-0.173507
0.01365
-0.24438
-0.257294
-0.315323
-0.599273
-0.777699
-0.559163
-1.294987
-0.21444
0.469767
0.537804
-0.259268
-0.829757
-1.441881
-0.614879
-0.354661
-0.276347
-0.361843
-0.102134
-0.544426
-1.645947
-1.748613
-0.582683
0.091533
-0.116648
0.335844
-0.04944
-0.296732
-0.368197
-0.167893
-0.082991
-0.061448
-0.702957
-1.230589
-0.41746
-0.563529
-0.209132
-0.251852
-0.563097
-0.272579
-0.272203
-1.794499
-2.069101
-1.560955
-0.131705
-0.061373
-0.344835
0.257089
0.390968
0.441142
0.020222
-0.446816
-0.646182
-0.384507
-0.984465
-1.946227
-1.626802
-1.297763
-1.188937
-1.505054
-2.172229
-1.542804
-1.772281
-2.333773
-1.260291
-0.53325
0.177788
0.09754
0.316793
0.139298
-0.032802
-0.812315
-0.733603
-0.195517
-0.232759
-0.631588
-1.740486
-1.199966
-0.174245
0.122485
0.605999
0.465506
0.218536
0.49688
0.732333
0.931271
0.70582
0.305755
0.548258
0.676018
0.734619
-0.036617
0.29814
0.314047
0.416702
0.342652
0.189402
0.113844
0.420951
0.310627
0.117486
0.581898
-0.136201
0.135176
0.078036
-0.060535
0.301233
0.624998
0.531192
-0.039619
-0.426269
-0.161753
-0.810599
-1.81638
-2.392777
-1.232345
-1.349466
-2.286454
-2.597407
-1.244636
-0.212088
-0.391369
-0.073869
0.087377
0.025758
0.037653
-0.936283
-0.843426
-0.423871
-0.354126
-0.290005
-0.246705
-0.944179
-0.351004
-0.141286
-0.797433
-1.7427
-0.919451
0.375312
0.144017
0.129545
0.512043
0.833693
-0.102568
-1.268135
-0.617117
-0.14323
-1.158024
-0.428407
-0.03454
-0.192075
0.222938
0.180912
0.12638
0.286297
0.257382
0.187437
-0.094821
0.304904
-0.141477
-0.06039
-0.181592
0.097174
0.004337
-1.336813
-2.078926
-2.239506
-0.97563
-1.513006
-0.282539
-0.285621
0.265997
-0.009509
0.220853
-0.189595
-0.086583
-0.146611
-0.015219
-0.910536
-0.495887
-0.636704
-1.271417
-2.224317
-1.194636
-0.439435
-0.874158
-0.716193
-1.943955
-2.078243
-1.534124
-0.403233
-0.462165
-0.122876
-0.49739
-0.429143
-0.412846
-0.266195
0.011077
0.218327
-1.299324
-0.622888
-0.02147
-0.027634
0.160234
-0.443175
-0.668025
-0.802302
-1.02457
-0.715466
-0.429418
-0.376061
-0.65157
-0.055766
-0.242695
0.395349
0.770939
0.638299
0.867605
0.58234
0.833709
0.496384
-0.092833
-0.230975
-0.124016
-0.758116
-0.06902
-0.181691
0.007827
0.474192
0.301633
-1.222663
-1.879414
0.032763
-1.240817
-1.400193
-0.681365
-1.189519
-0.88489
-0.406363
-0.337769
-0.496358
-0.999511
-1.24888
-0.713801
-1.711361
-2.237515
-1.672526
-0.36992
0.079131
-0.108519
0.123138
0.279803
0.470588
0.369454
-0.195697
-1.244536
-0.215239
0.068744
-0.012043
-0.216543
-1.130266
-0.472028
-0.397277
0.186955
0.417844
0.02598
0.465961
0.238474
0.304999
-0.258407
-0.758424
-0.460313
-0.639865
0.05934
0.032346
0.500164
-0.052516
0.463549
0.764201
0.929738
0.743543
0.845286
1.177478
-0.428645
0.662656
0.514372
0.723913
0.273073
-0.060818
0.384097
0.032852
-0.147344
-0.442934
-0.275733
-2.290111
-1.590469
-0.299683
-0.346251
0.124777
0.265288
0.511899
-0.780888
-2.13649
-1.15998
-1.653507
-1.732994
-0.668209
0.236259
0.569489
0.439033
0.312238
-0.448025
0.119879
0.380771
0.303467
0.365548
0.591186
0.786282
0.403667
-0.193017
0.060149
-0.715847
0.077189
0.399784
0.046896
-0.850729
0.332276
0.560965
0.304201
-0.64725
-1.128962
0.528273
0.948363
-0.123301
-0.627917
0.251778
0.733833
0.692145
0.548693
-0.419244
-0.177666
-0.13088
-0.049366
-1.606962
-0.301003
-0.243134
0.335955
-0.040728
-0.625421
-1.339388
-0.35875
0.494352
0.554504
0.598703
0.861185
1.509673
-0.200618
0.261229
-0.443574
0.357992
-0.273577
1.093043
0.711527
-0.634426
0.076377
0.239346
0.07739
0.368607
-0.306866
1.041704
1.326482
-0.11425
-0.738109
-0.899828
-1.257474
-0.832767
-0.729868
-0.179646
-0.048494
0.231661
0.194656
0.154684
-0.512899
0.315079
0.145044
-0.223149
0.284669
-0.074786
0.621631
0.048157
0.455639
-0.517178
-0.673867
0.003947
0.009561
0.134021
-0.367924
-0.65121
-0.339823
0.183348
0.487078
0.822126
0.517139
0.208845
0.676309
0.76892
1.271055
1.023562
0.808138
-0.820959
-0.074295
-0.531201
-0.191051
0.366063
0.579605
-0.291434
-0.917787
-1.572149
-0.916794
-0.068764
-0.289423
0.018789
0.186188
-0.361186
-0.39536
-0.162041
0.029785
0.207202
0.565068
0.297237
1.123644
1.195878
1.087181
1.06761
-0.292114
-0.465928
-0.305932
-0.064181
-0.377067
0.243636
0.718401
1.116855
1.168855
1.274181
1.229179
0.503898
0.919293
0.818287
0.595971
0.387634
0.498382
0.285525
0.463577
0.480097
-0.204918
-0.186455
0.09431
-0.385164
-0.487002
-0.458826
-0.203181
-0.867267
-0.348329
-0.031053
0.187694
0.04244
-0.299025
-0.097081
-0.049429
-0.551127
-1.159001
-1.460177
-1.121337
-0.712294
-0.203637
-0.369764
-0.381877
-0.62883
-0.741904
-0.46805
-0.244102
-0.107556
0.294355
-0.134848
-0.062274
-0.235678
-0.540783
-0.26299
-0.562488
0.341285
0.465806
0.486877
0.504677
0.559613
0.118924
0.537361
0.396939
0.602939
0.789114
0.500903
0.48077
0.439916
0.278117
-0.376825
-0.377088
-0.086675
-0.382621
-0.150312
-0.08381
-1.406361
-1.732012
-1.808694
-2.001381
-1.87307
-2.115436
-1.55789
-0.637513
0.064415
0.175291
0.380885
0.268588
0.351679
0.548462
0.652475
0.572636
0.206366
0.264161
-0.00605
0.38922
-0.157143
-0.076985
0.398157
0.20744
0.067829
-0.547068
-0.360586
-0.146681
0.343605
0.35747
0.540281
0.525778
0.421128
0.396502
0.527905
0.464584
0.030788
-0.271077
-0.060208
-0.47728
-0.338682
-0.711382
-0.293595
-0.749755
-0.526963
-0.693073
-0.856238
-0.690994
-1.64601
-1.788473
-1.682188
-1.872406
-1.726996
-1.739021
-2.261456
-2.347693
-2.32375
-2.617927
-1.814604
-0.963162
-0.125637
-1.523751
-0.799057
-1.506986
-1.829497
-0.946035
-2.002576
-1.610694
-0.751747
-0.168956
-0.358762
-0.830392
-0.569559
-1.419348
-1.333998
-1.205748
-0.907445
-0.889087
-0.678477
-0.318301
-0.309393
-0.511315
-0.103316
0.154318
0.405709
0.004683
-0.165032
-0.39623
-0.512453
-0.154313
-0.307856
-1.664448
-2.088329
-1.316772
-0.524548
-0.704974
-0.632069
0.03632
0.025467
-0.008027
0.264194
0.185237
-0.874794
-1.845679
-0.691095
-0.105494
-1.213806
-1.248184
-1.509278
-2.169098
-2.095544
-1.556828
-1.468984
-1.229304
-1.073148
-0.75456
-0.495519
-0.092653
-0.712795
-0.755358
-1.397762
-1.093932
-1.361006
-0.402935
-0.421215
-0.654328
-0.294527
-1.351142
-0.56542
0.035904
-1.005781
-1.3255
-0.94266
-0.524592
-0.809953
-1.483493
-1.155926
-0.67936
-0.738093
-0.885258
-0.569336
-1.88513
-2.20693
-2.452326
-1.32069
-0.570662
-0.150615
0.295044
-0.244193
-1.392387
-2.319811
-2.458102
-2.8795
-1.956766
-1.723731
-1.580884
-1.58903
-1.317012
-1.820094
-1.428751
-1.634399
-1.533844
-0.629328
-0.144837
-0.242169
-0.55737
-0.235738
-1.115813
-0.684834
-0.438683
-0.996563
-1.531293
-1.954923
-2.321792
-2.312239
-2.216553
-2.002826
-1.68275
-1.428185
-1.050272
-0.859379
-1.067543
-0.704434
-0.382446
0.07053
-1.200699
-1.295958
-1.619349
-1.917969
-1.01871
-1.083404
-1.574645
-1.425078
-1.71975
-2.043323
-2.024153
-1.586247
-1.171745
-1.377628
-1.992121
-1.595527
-1.008651
-0.722792
-0.966585
-1.031349
-1.93918
-0.771938
-0.465159
-0.246644
0.060478
-0.33158
0.157963
0.655252
-0.237147
0.404715
0.489273
0.481512
1.195019
1.494924
1.173493
0.717252
0.684394
-0.845515
-0.022805
-0.689192
0.163668
-0.54661
-0.208128
0.17255
0.821408
0.469865
-0.150428
-0.318726
-1.07543
-0.527568
0.252335
-0.252851
0.122173
-0.32849
0.015814
0.577987
0.594449
0.368294
0.558448
0.257115
0.565424
0.190329
0.629426
0.752998
0.345275
-1.327934
-1.65325
-2.118776
-1.127305
-1.055423
-1.106573
0.004026
0.046096
-0.020299
0.377565
0.356944
0.90109
0.704627
0.126403
0.813046
0.297418
0.361313
0.628061
0.705155
0.361819
-0.002561
0.319612
-0.813857
-0.446558
0.063581
0.14216
-0.042673
-0.168016
-0.259203
-0.158154
-0.148185
0.267284
-0.239503
0.564207
0.54495
-0.888738
-0.146281
-1.546203
-0.892916
-0.144133
0.067444
0.57782
0.677484
0.31394
-0.298391
-0.102008
0.656574
0.665594
0.13626
-0.808823
-1.271153
-2.051396
-2.31587
-1.074152
0.307213
0.553397
-1.204503
-2.353961
-2.072959
-1.316905
-0.992304
-0.579722
-0.590846
-0.438301
-0.544301
-0.175516
-0.06674
-0.230792
-0.057018
0.039778
0.605337
-0.02256
0.353236
0.834259
0.62793
0.779319
0.988917
1.096606
0.93303
-0.16277
-0.227309
0.061515
-1.461342
-1.883167
-2.597289
-3.043669
-1.635575
-0.569111
0.269702
0.192978
0.564237
0.913425
0.68789
0.516337
0.758089
0.707091
0.918694
0.334452
-0.090398
-0.859633
-1.073276
-1.691395
-1.696621
-1.24095
-1.067195
-0.967464
-1.647088
-1.193402
-0.325061
0.271056
0.916301
0.679409
0.092915
0.257805
-0.363103
-0.290984
-0.334241
0.38906
0.365807
0.286771
-0.134476
-0.7969
0.42187
0.587366
1.110618
1.506751
1.673529
1.389425
1.466015
1.210081
1.682649
1.496973
1.605346
1.569639
1.794027
1.553351
1.633973
1.745946
2.426423
2.765087
2.362246
2.739509
2.483554
1.735556
2.103854
1.673849
1.335647
1.682174
1.417967
1.724434
1.727154
2.440016
2.727207
3.111049
3.104123
1.727119
0.26197
-1.707048
-2.225633
-1.700586
-2.022967
-0.231788
1.136541
0.773691
0.46278
0.920457
0.978294
1.015005
0.978081
0.707971
0.40378
0.557819
0.40846
0.779876
0.006024
-0.185945
0.738008
0.859157
1.012417
0.766172
0.806449
0.815434
1.481243
1.419567
1.890473
1.592829
0.791266
1.155762
2.041865
1.653044
1.182535
1.032841
1.030826
1.395292
1.270564
1.469287
1.886579
1.451085
1.606689
1.809003
1.94714
1.090289
0.825683
1.433396
-1.310805
-1.476551
-1.073901
-0.329067
-0.651711
0.192378
0.676187
0.17091
1.364397
1.425829
1.934881
2.166504
2.161911
1.60738
0.849946
1.000815
-0.307159
-1.265044
-2.348584
-2.088132
-0.360649
-1.919322
-2.136563
-0.983277
-0.788565
-1.757295
-2.573172
-1.998436
-1.381986
-0.707209
-0.049916
0.023028
-0.159166
-0.51449
-0.710824
-0.183131
0.489342
0.809275
1.203012
1.090167
1.155571
0.973828
1.08927
0.416874
0.705419
-0.234489
0.308432
0.5846
0.189816
0.799657
0.966855
1.331843
0.597438
1.384836
0.866031
1.033054
0.261806
0.498894
0.245872
0.14388
0.049434
-1.432583
-0.812177
-1.681178
-2.155643
-1.170455
-0.587277
-0.418449
-2.283442
-0.842306
-1.225449
-2.203239
-0.724915
-0.272148
-0.43717
-0.306895
-1.158628
-0.903465
0.189596
-0.736008
-1.201701
-1.843011
-1.30947
-1.45988
-0.434646
-2.37391
-1.074933
-1.493097
-1.305376
0.313126
1.585957
1.67116
1.890595
1.352552
1.110414
-0.262911
-1.027639
-0.448738
0.87805
1.281451
1.127517
-0.998414
-0.44363
0.782643
1.218371
1.488409
1.332325
1.511133
1.612825
1.351206
1.868706
1.513441
1.461525
1.47459
1.015638
-0.643229
0.238223
1.157289
1.828307
1.044935
-0.350779
-2.351577
-1.384382
-0.444266
-0.403461
0.617744
0.6408
0.471213
0.226044
0.100778
0.101345
0.008436
0.674772
1.030569
0.801761
0.412043
0.920817
1.415021
0.990285
0.559893
-0.611993
-0.473901
-1.459356
-2.004326
-2.341183
-0.66758
-1.661239
-0.240463
0.527587
0.991343
1.065779
0.842349
0.588169
0.267629
0.572997
1.126288
0.445463
-0.948326
-0.527226
0.332384
-0.424759
-1.982894
-0.665901
-0.928857
-0.251216
0.668516
1.628915
1.107588
0.814262
-0.488527
-0.511834
0.634193
0.157915
-1.781027
-0.313797
-0.147913
-0.495414
1.067344
1.039245
-1.366413
-1.04302
-2.570794
-1.770088
-0.254423
-0.864652
-0.978056
-0.476569
-0.203592
-0.027478
-0.148849
0.032845
-0.687894
0.262823
0.173141
0.467596
0.460193
0.268118
-0.489986
-0.186455
-0.483651
-1.44625
-0.481471
-0.578203
-0.738649
-0.084307
-0.882598
-0.729699
-0.01876
0.91815
1.094805
1.196056
0.688497
0.998431
0.296949
-0.224835
-0.186592
-0.473115
-0.55662
-0.025375
0.399572
0.168301
-0.515343
-0.426454
-1.594728
-2.643498
-2.427359
-2.449384
-2.110385
